4294967279,340
4294967278,311
4294967279,300
4294967278,184
4294967278,308
4294967279,298
4294967278,307
4294967279,297
4294967278,180
4294967279,180
4294967278,178
4294967278,303
4294967278,302
4294967279,533
4294967278,396
4294967279,292
4294967278,346
4294967279,339
4294967279,328
4294967278,386
4294967278,168
4294967279,168
4294967279,165
4294967278,164
4294967279,338
4294967278,160
4294967278,388
4294967278,158
4294967279,155
4294967278,342
4294967279,528
4294967278,154
4294967279,525
4294967279,289
4294967278,296
4294967279,523
4294967279,320
4294967278,145
4294967279,552
4294967278,380
4294967279,143
4294967278,404
4294967279,141
4294967278,292
4294967278,140
4294967294,973
4294967278,277
4294967279,284
4294967278,135
4294967279,519
4294967278,332
4294967279,277
4294967279,569
4294967278,268
4294967278,282
4294967279,258
4294967278,279
4294967278,331
4294967279,547
4294967278,329
4294967279,545
4294967279,513
4294967278,357
4294967278,328
4294967278,323
4294967279,174
4294967279,333
4294967278,250
4294967278,248
4294967279,244
4294967279,239
4294967278,238
4294967278,232
180,5
180,4
180,3
180,2
180,1
4294967279,229
4294967278,226
4294967278,222
4294967278,377
4294967279,313
4294967278,211
4294967278,210
4294967278,209
178,5
178,4
4294967278,208
178,3
178,2
178,1
4294967278,206
4294967278,205
4294967278,203
4294967278,202
4294967278,316
4294967279,559
176,6
4294967294,476
4294967294,448
4294967294,416
4294967294,175
4294967294,465
4294967279,200
4294967278,369
4294967279,199
176,5
176,4
176,3
176,2
176,1
4294967278,193
175,5
4294967278,190
4294967279,190
175,4
4294967278,189
175,3
175,2
175,1
4294967279,186
4294967278,310
4294967278,309
4294967279,185
174,5
174,4
174,3
174,2
174,1
4294967279,181
4294967279,178
173,5
4294967294,17
4294967294,99
4294967279,177
4294967279,176
173,4
173,3
173,2
173,1
4294967278,403
4294967278,171
172,4
4294967279,170
172,3
172,2
172,1
4294967279,324
4294967294,82
4294967294,1418
4294967294,424
4294967278,345
4294967294,41
4294967278,364
4294967278,344
4294967294,26
4294967279,291
4294967278,363
4294967279,337
4294967279,574
4294967279,323
4294967278,381
4294967279,321
4294967294,437
4294967278,362
4294967294,81
4294967279,156
4294967278,151
4294967278,150
4294967279,287
4294967279,145
4294967279,564
4294967278,293
4294967294,6
4294967278,141
4294967279,522
4294967278,291
4294967278,91
4294967279,271
4294967294,941
4294967294,922
4294967294,157
4294967294,156
4294967294,60
4294967294,67
4294967294,93
4294967294,95
4294967294,417
4294967294,25
4294967294,12
4294967294,946
4294967294,92
4294967294,88
4294967279,266
4294967278,286
4294967278,273
4294967278,283
4294967278,391
4294967279,264
4294967278,294
4294967279,276
4294967294,1414
4294967294,68
4294967279,327
4294967279,273
4294967278,375
4294967279,518
4294967279,329
4294967278,262
4294967279,281
0,5
4294967279,253
4294967293,131
4294967293,130
4294967293,129
4294967293,128
4294967293,127
4294967293,126
4294967293,125
4294967293,124
4294967293,123
4294967293,122
4294967293,121
4294967293,120
4294967293,119
4294967293,118
4294967293,117
4294967293,116
4294967293,115
4294967293,114
4294967293,113
4294967293,112
4294967293,111
4294967293,110
4294967293,109
4294967293,108
4294967293,107
4294967293,106
4294967293,105
4294967293,104
4294967293,103
4294967293,102
4294967293,101
4294967293,100
4294967293,99
4294967293,98
4294967293,97
4294967293,96
4294967293,95
4294967293,94
4294967293,93
4294967293,92
4294967293,91
4294967293,90
4294967293,89
4294967293,87
4294967293,86
4294967293,85
4294967293,84
4294967293,83
4294967293,82
4294967293,81
4294967293,80
4294967293,79
4294967293,78
4294967293,77
4294967293,76
4294967293,75
4294967293,74
4294967293,73
4294967293,72
4294967293,71
4294967293,70
4294967293,69
4294967293,68
4294967293,67
4294967293,66
4294967293,65
4294967293,64
4294967293,63
4294967293,62
4294967293,61
4294967293,60
4294967293,59
4294967293,58
4294967293,57
4294967293,56
4294967293,55
4294967293,54
4294967293,53
4294967293,52
4294967293,51
4294967293,50
4294967293,49
4294967293,48
4294967293,47
4294967293,46
4294967293,45
4294967293,44
4294967293,43
4294967293,42
4294967293,41
4294967293,40
4294967293,39
4294967293,38
4294967293,37
4294967293,36
4294967293,35
4294967293,34
4294967293,33
4294967293,32
4294967293,31
4294967293,30
4294967293,29
4294967293,28
4294967293,27
4294967293,26
4294967293,25
4294967293,24
4294967293,23
4294967293,22
4294967293,21
4294967293,20
4294967293,19
4294967293,18
4294967293,17
4294967293,16
4294967293,15
4294967293,14
4294967293,13
4294967293,12
4294967293,11
4294967293,10
4294967293,9
4294967293,8
4294967293,7
4294967293,6
4294967293,5
4294967293,4
4294967293,3
4294967279,112
4294967279,111
4294967279,110
4294967279,109
4294967279,108
4294967279,107
4294967279,106
4294967279,105
4294967279,104
4294967279,103
4294967279,102
4294967279,101
4294967279,100
4294967279,99
4294967279,98
4294967279,97
4294967279,96
4294967279,95
4294967279,94
4294967279,93
4294967279,92
4294967279,91
4294967279,90
4294967279,89
4294967278,330
4294967279,548
4294967278,359
4294967279,331
4294967278,326
4294967279,251
4294967278,252
4294967279,314
4294967279,541
4294967278,402
4294967278,243
4294967279,242
4294967278,239
4294967278,235
4294967279,232
4294967279,330
4294967278,227
4294967279,226
4294967278,225
4294967278,223
4294967279,214
4294967279,311
4294967278,378
4294967279,538
4294967279,561
4294967278,319
4294967279,309
4294967278,318
4294967278,371
4294967278,382
4294967278,390
4294967278,341
4294967278,40
4294967278,39
4294967278,38
4294967278,36
4294967278,33
4294967278,32
4294967278,31
4294967278,30
4294967278,29
4294967278,28
4294967278,27
4294967278,284
4294967278,275
4294967278,16
4294967278,15
4294967278,6
4294967278,5
4294967279,130
4294967279,129
4294967279,128
4294967279,127
4294967279,285
4294967279,307
4294967279,571
4294967278,197
4294967279,197
4294967278,196
4294967279,196
4294967278,195
4294967279,195
4294967279,194
4294967279,193
171,5
171,4
171,3
171,2
171,1
4294967278,188
4294967278,187
4294967279,187
4294967279,299
4294967278,183
4294967279,183
4294967279,179
169,5
169,4
169,3
169,2
169,1
4294967279,293
4294967278,173
4294967279,172
4294967279,575
4294967278,393
167,6
4294967294,407
4294967294,919
4294967294,386
4294967294,464
4294967294,118
4294967294,460
167,5
167,4
167,3
167,2
167,1
4294967278,384
166,5
